TABLE NO.     1: First Order Conditional Estimation with Interaction: Problem=1 Subproblem=0 Superproblem1=0 Iteration1=0 Superproblem2=0 Iteration2=0
 NAME         THETA1       THETA2       THETA3       THETA4       THETA5       SIGMA(1,1)   OMEGA(1,1)   OMEGA(2,1)   OMEGA(2,2)   OMEGA(3,1)   OMEGA(3,2)   OMEGA(3,3)
 THETA1        6.28744E-02  6.01214E-01  4.59772E-01 -2.48519E-01 -4.77581E-01  7.89931E-02  2.84049E-01  1.45119E-01  2.49013E-02  2.65348E-01  6.15986E-02 -7.09429E-03
 THETA2        6.01214E-01  2.76273E-02  5.43203E-01 -1.80400E-01 -4.50441E-01  6.39416E-02  6.68033E-02 -1.64931E-02 -4.30924E-02  1.19142E-01 -3.12000E-04  9.32424E-02
 THETA3        4.59772E-01  5.43203E-01  3.28475E-02 -3.89061E-03 -1.29492E-01  1.61808E-01  1.88523E-02  1.00015E-01  6.05437E-02  3.21226E-02  9.32372E-02 -1.91995E-01
 THETA4       -2.48519E-01 -1.80400E-01 -3.89061E-03  1.92485E-02  1.78414E-01  7.42321E-02 -7.86823E-02 -5.75706E-02 -5.95687E-02 -1.10025E-01  5.40201E-04  2.09716E-02
 THETA5       -4.77581E-01 -4.50441E-01 -1.29492E-01  1.78414E-01  3.54262E-02  5.09552E-03 -3.26071E-02  1.94549E-01  2.37550E-01 -1.07328E-03  1.79721E-01 -4.46645E-02
 SIGMA(1,1)    7.89931E-02  6.39416E-02  1.61808E-01  7.42321E-02  5.09552E-03  1.22595E-03 -1.43190E-01 -4.90241E-02 -1.02346E-01  2.58896E-02  4.00540E-02  1.25253E-01
 OMEGA(1,1)    2.84049E-01  6.68033E-02  1.88523E-02 -7.86823E-02 -3.26071E-02 -1.43190E-01  5.29799E-02  6.48829E-01  3.51784E-01  7.45980E-01  3.34294E-01  1.08002E-01
 OMEGA(2,1)    1.45119E-01 -1.64931E-02  1.00015E-01 -5.75706E-02  1.94549E-01 -4.90241E-02  6.48829E-01  1.99617E-02  7.32470E-01  6.49269E-01  6.79161E-01  1.93054E-01
 OMEGA(2,2)    2.49013E-02 -4.30924E-02  6.05437E-02 -5.95687E-02  2.37550E-01 -1.02346E-01  3.51784E-01  7.32470E-01  9.82547E-03  4.37810E-01  7.11959E-01  1.47694E-01
 OMEGA(3,1)    2.65348E-01  1.19142E-01  3.21226E-02 -1.10025E-01 -1.07328E-03  2.58896E-02  7.45980E-01  6.49269E-01  4.37810E-01  2.35874E-02  6.09103E-01  4.38482E-01
 OMEGA(3,2)    6.15986E-02 -3.12000E-04  9.32372E-02  5.40201E-04  1.79721E-01  4.00540E-02  3.34294E-01  6.79161E-01  7.11959E-01  6.09103E-01  1.05481E-02  5.55839E-01
 OMEGA(3,3)   -7.09429E-03  9.32424E-02 -1.91995E-01  2.09716E-02 -4.46645E-02  1.25253E-01  1.08002E-01  1.93054E-01  1.47694E-01  4.38482E-01  5.55839E-01  1.97289E-02
