TABLE NO.     1: First Order Conditional Estimation with Interaction: Problem=1 Subproblem=0 Superproblem1=0 Iteration1=0 Superproblem2=0 Iteration2=0
 NAME         THETA1       THETA2       THETA3       THETA4       THETA5       SIGMA(1,1)   OMEGA(1,1)   OMEGA(2,1)   OMEGA(2,2)   OMEGA(3,1)   OMEGA(3,2)   OMEGA(3,3)
 THETA1        5.49724E+02 -3.96008E+02 -2.21047E+02  2.13403E+02  2.81711E+02 -1.80151E+03 -1.09022E+02 -6.76891E+01  1.75186E+02 -1.40235E+02 -1.32214E+02  1.70488E+02
 THETA2       -3.96008E+02  2.98055E+03 -1.17879E+03  2.67093E+02  4.47662E+02  3.60871E+03  6.86468E+01  2.74067E+02 -1.26162E+03 -2.32576E+02  2.23590E+03 -1.29578E+03
 THETA3       -2.21047E+02 -1.17879E+03  1.89832E+03 -3.43498E+02 -2.04798E+02 -5.71811E+03  1.24905E+02 -2.78513E+02  1.20567E+03  1.28493E+02 -2.64180E+03  1.43807E+03
 THETA4        2.13403E+02  2.67093E+02 -3.43498E+02  3.04767E+03 -1.05910E+02 -3.38458E+03 -1.98359E+02  1.50583E+02  5.68619E+02  5.01162E+02 -4.96150E+02 -3.13353E+02
 THETA5        2.81711E+02  4.47662E+02 -2.04798E+02 -1.05910E+02  1.26941E+03 -1.38616E+03  8.17109E+01 -4.02551E+02 -3.94448E+02 -1.19739E+02 -2.14202E+02  2.07590E+02
 SIGMA(1,1)   -1.80151E+03  3.60871E+03 -5.71811E+03 -3.38458E+03 -1.38616E+03  7.63415E+05  6.65877E+03 -6.12552E+03  1.73218E+04 -1.04426E+04  5.91819E+03 -6.61670E+03
 OMEGA(1,1)   -1.09022E+02  6.86468E+01  1.24905E+02 -1.98359E+02  8.17109E+01  6.65877E+03  1.26570E+03 -1.55367E+03  5.78417E+02 -1.92627E+03  1.60519E+03  4.13926E+02
 OMEGA(2,1)   -6.76891E+01  2.74067E+02 -2.78513E+02  1.50583E+02 -4.02551E+02 -6.12552E+03 -1.55367E+03  1.01861E+04 -7.65347E+03 -3.79903E+02 -5.19012E+03  6.51408E+02
 OMEGA(2,2)    1.75186E+02 -1.26162E+03  1.20567E+03  5.68619E+02 -3.94448E+02  1.73218E+04  5.78417E+02 -7.65347E+03  3.36182E+04  7.48497E+02 -1.95348E+04  4.64341E+03
 OMEGA(3,1)   -1.40235E+02 -2.32576E+02  1.28493E+02  5.01162E+02 -1.19739E+02 -1.04426E+04 -1.92627E+03 -3.79903E+02  7.48497E+02  7.16265E+03 -4.67001E+03 -1.65958E+03
 OMEGA(3,2)   -1.32214E+02  2.23590E+03 -2.64180E+03 -4.96150E+02 -2.14202E+02  5.91819E+03  1.60519E+03 -5.19012E+03 -1.95348E+04 -4.67001E+03  4.31659E+04 -9.58728E+03
 OMEGA(3,3)    1.70488E+02 -1.29578E+03  1.43807E+03 -3.13353E+02  2.07590E+02 -6.61670E+03  4.13926E+02  6.51408E+02  4.64341E+03 -1.65958E+03 -9.58728E+03  6.40681E+03
