TABLE NO.     1: First Order Conditional Estimation with Interaction: Problem=1 Subproblem=0 Superproblem1=0 Iteration1=0 Superproblem2=0 Iteration2=0
 NAME         THETA1       THETA2       THETA3       THETA4       THETA5       THETA6       THETA7       THETA8       SIGMA(1,1)   OMEGA(1,1)   OMEGA(2,1)   OMEGA(2,2)   OMEGA(3,1)   OMEGA(3,2)   OMEGA(3,3)
 THETA1        5.92313E+02 -2.78754E+02 -4.41797E+02  1.93089E+02  3.69958E+02  8.35665E+01  6.07212E+01  3.02008E+01 -1.24938E+03  8.18076E+00  1.37237E+02  1.30989E+02 -7.77514E+02 -3.10547E+02  7.96288E+02
 THETA2       -2.78754E+02  3.26275E+03 -1.74934E+03  2.97838E+02  6.73549E+02  6.37229E+01  1.41660E+02  1.52385E+02  3.50469E+03  5.27134E+01  1.96170E+02 -1.76655E+03 -1.55562E+02  2.78655E+03 -1.12382E+03
 THETA3       -4.41797E+02 -1.74934E+03  3.11270E+03 -4.38173E+02 -6.42217E+02 -3.59804E+02 -3.08985E+02 -1.69480E+02 -7.13854E+03 -6.32968E+01 -5.63695E+02  1.06717E+03  1.03927E+03 -1.54082E+03 -1.41754E+02
 THETA4        1.93089E+02  2.97838E+02 -4.38173E+02  3.18497E+03 -1.81620E+02 -8.28913E+01 -4.34515E+01 -4.81266E+01 -2.36175E+03 -6.90776E+01  1.75521E+02  5.87746E+02 -1.86363E+01 -3.33794E+02 -2.77140E+01
 THETA5        3.69958E+02  6.73549E+02 -6.42217E+02 -1.81620E+02  1.49594E+03  1.24788E+02  1.23212E+02  8.64893E+01 -1.28462E+03  1.13289E+02 -3.86804E+02 -4.69883E+02 -3.56342E+02 -5.30154E+02  1.05479E+03
 THETA6        8.35665E+01  6.37229E+01 -3.59804E+02 -8.28913E+01  1.24788E+02  7.88432E+02  7.94465E+01 -1.79152E+01 -1.57022E+03 -2.29220E+01 -2.60947E+02  3.70868E+02  4.37673E+02  2.03172E+01 -4.42862E+02
 THETA7        6.07212E+01  1.41660E+02 -3.08985E+02 -4.34515E+01  1.23212E+02  7.94465E+01  3.01708E+02  2.10474E+01 -6.55279E+02  1.24803E+01  4.49276E+01 -3.82223E+02  3.88209E+00  6.92165E+02 -4.26254E+02
 THETA8        3.02008E+01  1.52385E+02 -1.69480E+02 -4.81266E+01  8.64893E+01 -1.79152E+01  2.10474E+01  1.57255E+02 -2.43311E+02  6.38102E+00 -5.84302E+01  4.69267E+01  7.15325E+01 -1.74358E+02  9.61936E+01
 SIGMA(1,1)   -1.24938E+03  3.50469E+03 -7.13854E+03 -2.36175E+03 -1.28462E+03 -1.57022E+03 -6.55279E+02 -2.43311E+02  7.74953E+05  6.60520E+03  2.48625E+02  1.62146E+04 -1.74128E+04 -1.66063E+03  2.28690E+03
 OMEGA(1,1)    8.18076E+00  5.27134E+01 -6.32968E+01 -6.90776E+01  1.13289E+02 -2.29220E+01  1.24803E+01  6.38102E+00  6.60520E+03  9.29391E+02 -7.94508E+02  2.21943E+02 -1.58647E+03  8.62352E+02  6.21366E+02
 OMEGA(2,1)    1.37237E+02  1.96170E+02 -5.63695E+02  1.75521E+02 -3.86804E+02 -2.60947E+02  4.49276E+01 -5.84302E+01  2.48625E+02 -7.94508E+02  1.09467E+04 -7.33739E+03 -3.09747E+03 -6.94944E+03  2.65811E+03
 OMEGA(2,2)    1.30989E+02 -1.76655E+03  1.06717E+03  5.87746E+02 -4.69883E+02  3.70868E+02 -3.82223E+02  4.69267E+01  1.62146E+04  2.21943E+02 -7.33739E+03  4.14539E+04  2.29069E+03 -3.91936E+04  1.25766E+04
 OMEGA(3,1)   -7.77514E+02 -1.55562E+02  1.03927E+03 -1.86363E+01 -3.56342E+02  4.37673E+02  3.88209E+00  7.15325E+01 -1.74128E+04 -1.58647E+03 -3.09747E+03  2.29069E+03  9.50345E+03 -3.35796E+03 -4.66981E+03
 OMEGA(3,2)   -3.10547E+02  2.78655E+03 -1.54082E+03 -3.33794E+02 -5.30154E+02  2.03172E+01  6.92165E+02 -1.74358E+02 -1.66063E+03  8.62352E+02 -6.94944E+03 -3.91936E+04 -3.35796E+03  9.34462E+04 -3.39220E+04
 OMEGA(3,3)    7.96288E+02 -1.12382E+03 -1.41754E+02 -2.77140E+01  1.05479E+03 -4.42862E+02 -4.26254E+02  9.61936E+01  2.28690E+03  6.21366E+02  2.65811E+03  1.25766E+04 -4.66981E+03 -3.39220E+04  2.39217E+04
