TABLE NO.     1: First Order Conditional Estimation with Interaction: Problem=1 Subproblem=0 Superproblem1=0 Iteration1=0 Superproblem2=0 Iteration2=0
 NAME         THETA1       THETA2       THETA3       THETA4       THETA5       THETA6       THETA7       THETA8       SIGMA(1,1)   OMEGA(1,1)   OMEGA(2,1)   OMEGA(2,2)   OMEGA(3,1)   OMEGA(3,2)   OMEGA(3,3)
 THETA1        6.43317E-02  5.80843E-01  4.13526E-01 -2.44641E-01 -4.75339E-01 -8.33220E-02 -2.10246E-02 -1.27233E-01  1.08520E-01  2.74388E-01  1.24271E-01  2.01085E-02  3.54758E-01  6.27144E-02  7.57160E-02
 THETA2        5.80843E-01  2.75319E-02  5.99186E-01 -1.69761E-01 -4.49220E-01  6.73272E-02  7.33699E-02 -1.22026E-01  6.86455E-02  5.94341E-02 -2.63510E-02 -3.75338E-02  9.35474E-02 -3.28351E-02  9.00276E-02
 THETA3        4.13526E-01  5.99186E-01  2.80122E-02  6.67823E-02 -1.41227E-01  2.46128E-01  2.46268E-01  1.35127E-01  2.16488E-01 -2.73503E-02  2.79925E-02 -1.41723E-02 -7.01512E-03  4.03987E-02  9.41923E-02
 THETA4       -2.44641E-01 -1.69761E-01  6.67823E-02  1.90408E-02  1.96137E-01  1.24783E-01  8.25455E-02  1.44775E-01  7.84791E-02 -8.16318E-02 -5.54995E-02 -6.67111E-02 -1.07476E-01 -2.12163E-02 -7.08029E-04
 THETA5       -4.75339E-01 -4.49220E-01 -1.41227E-01  1.96137E-01  3.48459E-02 -5.50410E-02 -1.16547E-01 -5.67034E-03 -9.26023E-03 -3.36766E-02  1.98094E-01  2.28711E-01 -2.59323E-02  1.37906E-01 -9.11244E-02
 THETA6       -8.33220E-02  6.73272E-02  2.46128E-01  1.24783E-01 -5.50410E-02  3.95011E-02 -2.88289E-02  1.68995E-01  1.00195E-01 -1.45290E-01 -8.23061E-02 -1.14127E-01 -1.91618E-01 -4.08352E-02  4.82802E-02
 THETA7       -2.10246E-02  7.33699E-02  2.46268E-01  8.25455E-02 -1.16547E-01 -2.88289E-02  6.35260E-02 -8.61550E-03  9.67689E-02 -1.04593E-01 -9.50523E-02 -5.27534E-02 -7.09799E-02 -3.46801E-02  1.03337E-01
 THETA8       -1.27233E-01 -1.22026E-01  1.35127E-01  1.44775E-01 -5.67034E-03  1.68995E-01 -8.61550E-03  8.63256E-02  5.35381E-02 -1.12666E-01 -3.08334E-02 -2.82283E-02 -1.52989E-01 -1.40397E-02 -4.49669E-02
 SIGMA(1,1)    1.08520E-01  6.86455E-02  2.16488E-01  7.84791E-02 -9.26023E-03  1.00195E-01  9.67689E-02  5.35381E-02  1.23485E-03 -1.45018E-01 -4.65963E-02 -1.07159E-01  5.69772E-02  1.01830E-02  9.27384E-02
 OMEGA(1,1)    2.74388E-01  5.94341E-02 -2.73503E-02 -8.16318E-02 -3.36766E-02 -1.45290E-01 -1.04593E-01 -1.12666E-01 -1.45018E-01  5.25819E-02  5.95738E-01  3.42204E-01  7.10811E-01  3.73052E-01  2.27467E-01
 OMEGA(2,1)    1.24271E-01 -2.63510E-02  2.79925E-02 -5.54995E-02  1.98094E-01 -8.23061E-02 -9.50523E-02 -3.08334E-02 -4.65963E-02  5.95738E-01  1.94186E-02  7.39211E-01  6.93724E-01  7.30287E-01  3.90778E-01
 OMEGA(2,2)    2.01085E-02 -3.75338E-02 -1.41723E-02 -6.67111E-02  2.28711E-01 -1.14127E-01 -5.27534E-02 -2.82283E-02 -1.07159E-01  3.42204E-01  7.39211E-01  9.80724E-03  4.53934E-01  7.54427E-01  3.13953E-01
 OMEGA(3,1)    3.54758E-01  9.35474E-02 -7.01512E-03 -1.07476E-01 -2.59323E-02 -1.91618E-01 -7.09799E-02 -1.52989E-01  5.69772E-02  7.10811E-01  6.93724E-01  4.53934E-01  2.23688E-02  6.46635E-01  5.62598E-01
 OMEGA(3,2)    6.27144E-02 -3.28351E-02  4.03987E-02 -2.12163E-02  1.37906E-01 -4.08352E-02 -3.46801E-02 -1.40397E-02  1.01830E-02  3.73052E-01  7.30287E-01  7.54427E-01  6.46635E-01  9.18125E-03  7.35988E-01
 OMEGA(3,3)    7.57160E-02  9.00276E-02  9.41923E-02 -7.08029E-04 -9.11244E-02  4.82802E-02  1.03337E-01 -4.49669E-02  9.27384E-02  2.27467E-01  3.90778E-01  3.13953E-01  5.62598E-01  7.35988E-01  1.27992E-02
