TABLE NO.     1: First Order Conditional Estimation with Interaction: Problem=1 Subproblem=0 Superproblem1=0 Iteration1=0 Superproblem2=0 Iteration2=0
 NAME         THETA1       THETA2       THETA3       THETA4       THETA5       THETA6       THETA7       SIGMA(1,1)   OMEGA(1,1)   OMEGA(2,1)   OMEGA(2,2)   OMEGA(3,1)   OMEGA(3,2)   OMEGA(3,3)
 THETA1        6.23927E-02  5.99799E-01  4.89684E-01 -2.45953E-01 -4.84205E-01 -2.54509E-02 -5.63815E-02  7.81891E-02  2.50187E-01  1.00085E-01  6.98536E-03  2.59278E-01  2.83255E-02 -1.01068E-02
 THETA2        5.99799E-01  2.76943E-02  6.37707E-01 -1.79606E-01 -4.48326E-01  9.24603E-02  6.34154E-02  5.72125E-02  5.16867E-02 -3.95373E-02 -5.09427E-02  7.46374E-02 -5.72690E-02  1.96121E-02
 THETA3        4.89684E-01  6.37707E-01  2.94430E-02 -1.93806E-02 -1.80807E-01  2.25683E-01  1.55918E-01  2.01513E-01 -2.24071E-02  3.11142E-02 -2.39139E-02 -2.68067E-02 -3.93834E-02 -1.11027E-01
 THETA4       -2.45953E-01 -1.79606E-01 -1.93806E-02  1.90975E-02  2.00502E-01  5.30266E-02  7.26221E-02  7.99057E-02 -6.38884E-02 -3.54711E-02 -4.72239E-02 -7.59708E-02  1.39425E-03  4.94147E-02
 THETA5       -4.84205E-01 -4.48326E-01 -1.80807E-01  2.00502E-01  3.49997E-02 -7.59272E-02 -1.42263E-01  8.57257E-03 -2.38377E-02  2.09233E-01  2.40475E-01 -1.70633E-02  1.66730E-01 -4.00425E-02
 THETA6       -2.54509E-02  9.24603E-02  2.25683E-01  5.30266E-02 -7.59272E-02  4.23768E-02 -9.42032E-02  8.67047E-02 -1.57503E-01 -7.36754E-02 -9.41453E-02 -1.90230E-01 -7.59188E-02 -5.83764E-02
 THETA7       -5.63815E-02  6.34154E-02  1.55918E-01  7.26221E-02 -1.42263E-01 -9.42032E-02  7.45206E-02  1.29249E-01 -1.09088E-01 -1.13982E-01 -1.05968E-01 -6.95712E-02 -9.48582E-02  1.10035E-01
 SIGMA(1,1)    7.81891E-02  5.72125E-02  2.01513E-01  7.99057E-02  8.57257E-03  8.67047E-02  1.29249E-01  1.23155E-03 -1.52233E-01 -5.13851E-02 -9.71895E-02  2.53833E-02  2.97163E-02  9.76024E-02
 OMEGA(1,1)    2.50187E-01  5.16867E-02 -2.24071E-02 -6.38884E-02 -2.38377E-02 -1.57503E-01 -1.09088E-01 -1.52233E-01  5.08999E-02  6.31405E-01  3.53853E-01  7.40390E-01  3.62951E-01  2.12523E-01
 OMEGA(2,1)    1.00085E-01 -3.95373E-02  3.11142E-02 -3.54711E-02  2.09233E-01 -7.36754E-02 -1.13982E-01 -5.13851E-02  6.31405E-01  1.95136E-02  7.38910E-01  6.77518E-01  7.27949E-01  3.35176E-01
 OMEGA(2,2)    6.98536E-03 -5.09427E-02 -2.39139E-02 -4.72239E-02  2.40475E-01 -9.41453E-02 -1.05968E-01 -9.71895E-02  3.53853E-01  7.38910E-01  9.97017E-03  4.66021E-01  7.45752E-01  2.72659E-01
 OMEGA(3,1)    2.59278E-01  7.46374E-02 -2.68067E-02 -7.59708E-02 -1.70633E-02 -1.90230E-01 -6.95712E-02  2.53833E-02  7.40390E-01  6.77518E-01  4.66021E-01  2.21753E-02  6.54935E-01  5.58214E-01
 OMEGA(3,2)    2.83255E-02 -5.72690E-02 -3.93834E-02  1.39425E-03  1.66730E-01 -7.59188E-02 -9.48582E-02  2.97163E-02  3.62951E-01  7.27949E-01  7.45752E-01  6.54935E-01  9.81688E-03  7.16042E-01
 OMEGA(3,3)   -1.01068E-02  1.96121E-02 -1.11027E-01  4.94147E-02 -4.00425E-02 -5.83764E-02  1.10035E-01  9.76024E-02  2.12523E-01  3.35176E-01  2.72659E-01  5.58214E-01  7.16042E-01  1.53826E-02
