TABLE NO.     1: First Order Conditional Estimation with Interaction: Problem=1 Subproblem=0 Superproblem1=0 Iteration1=0 Superproblem2=0 Iteration2=0
 NAME         THETA1       THETA2       THETA3       THETA4       THETA5       THETA6       THETA7       SIGMA(1,1)   OMEGA(1,1)   OMEGA(2,1)   OMEGA(2,2)   OMEGA(3,1)   OMEGA(3,2)   OMEGA(3,3)
 THETA1        6.23956E-02  5.99880E-01  4.89602E-01 -2.45877E-01 -4.84267E-01 -2.54270E-02 -5.63949E-02  7.80564E-02  2.50239E-01  1.00208E-01  6.89649E-03  2.59195E-01  2.82998E-02 -1.01018E-02
 THETA2        5.99880E-01  2.76962E-02  6.37747E-01 -1.79395E-01 -4.48260E-01  9.25430E-02  6.34686E-02  5.71457E-02  5.16679E-02 -3.95547E-02 -5.10559E-02  7.45356E-02 -5.73050E-02  1.96132E-02
 THETA3        4.89602E-01  6.37747E-01  2.94427E-02 -1.92969E-02 -1.80715E-01  2.25693E-01  1.55957E-01  2.01529E-01 -2.24311E-02  3.11044E-02 -2.39406E-02 -2.68386E-02 -3.93711E-02 -1.10895E-01
 THETA4       -2.45877E-01 -1.79395E-01 -1.92969E-02  1.90952E-02  2.00220E-01  5.30542E-02  7.27034E-02  8.00651E-02 -6.38401E-02 -3.54750E-02 -4.72256E-02 -7.59100E-02  1.41231E-03  4.95141E-02
 THETA5       -4.84267E-01 -4.48260E-01 -1.80715E-01  2.00220E-01  3.50040E-02 -7.59285E-02 -1.42277E-01  8.77062E-03 -2.37971E-02  2.09336E-01  2.40638E-01 -1.68423E-02  1.66865E-01 -3.99883E-02
 THETA6       -2.54270E-02  9.25430E-02  2.25693E-01  5.30542E-02 -7.59285E-02  4.23833E-02 -9.40901E-02  8.67491E-02 -1.57585E-01 -7.37673E-02 -9.41271E-02 -1.90186E-01 -7.59091E-02 -5.82734E-02
 THETA7       -5.63949E-02  6.34686E-02  1.55957E-01  7.27034E-02 -1.42277E-01 -9.40901E-02  7.45331E-02  1.29232E-01 -1.09115E-01 -1.14014E-01 -1.05992E-01 -6.95895E-02 -9.48546E-02  1.10302E-01
 SIGMA(1,1)    7.80564E-02  5.71457E-02  2.01529E-01  8.00651E-02  8.77062E-03  8.67491E-02  1.29232E-01  1.23156E-03 -1.52232E-01 -5.12298E-02 -9.70499E-02  2.52249E-02  2.97400E-02  9.76054E-02
 OMEGA(1,1)    2.50239E-01  5.16679E-02 -2.24311E-02 -6.38401E-02 -2.37971E-02 -1.57585E-01 -1.09115E-01 -1.52232E-01  5.08989E-02  6.31363E-01  3.53779E-01  7.40630E-01  3.63024E-01  2.12545E-01
 OMEGA(2,1)    1.00208E-01 -3.95547E-02  3.11044E-02 -3.54750E-02  2.09336E-01 -7.37673E-02 -1.14014E-01 -5.12298E-02  6.31363E-01  1.95172E-02  7.39151E-01  6.77839E-01  7.28173E-01  3.35287E-01
 OMEGA(2,2)    6.89649E-03 -5.10559E-02 -2.39406E-02 -4.72256E-02  2.40638E-01 -9.41271E-02 -1.05992E-01 -9.70499E-02  3.53779E-01  7.39151E-01  9.97273E-03  4.66230E-01  7.45924E-01  2.72771E-01
 OMEGA(3,1)    2.59195E-01  7.45356E-02 -2.68386E-02 -7.59100E-02 -1.68423E-02 -1.90186E-01 -6.95895E-02  2.52249E-02  7.40630E-01  6.77839E-01  4.66230E-01  2.21733E-02  6.55181E-01  5.58331E-01
 OMEGA(3,2)    2.82998E-02 -5.73050E-02 -3.93711E-02  1.41231E-03  1.66865E-01 -7.59091E-02 -9.48546E-02  2.97400E-02  3.63024E-01  7.28173E-01  7.45924E-01  6.55181E-01  9.81844E-03  7.15977E-01
 OMEGA(3,3)   -1.01018E-02  1.96132E-02 -1.10895E-01  4.95141E-02 -3.99883E-02 -5.82734E-02  1.10302E-01  9.76054E-02  2.12545E-01  3.35287E-01  2.72771E-01  5.58331E-01  7.15977E-01  1.53827E-02
