TABLE NO.     1: First Order Conditional Estimation with Interaction: Problem=1 Subproblem=0 Superproblem1=0 Iteration1=0 Superproblem2=0 Iteration2=0
 NAME         THETA1       THETA2       THETA3       THETA4       THETA5       THETA6       THETA7       SIGMA(1,1)   OMEGA(1,1)   OMEGA(2,1)   OMEGA(2,2)   OMEGA(3,1)   OMEGA(3,2)   OMEGA(3,3)
 THETA1        5.95351E+02 -3.30639E+02 -3.74607E+02  1.79716E+02  3.47231E+02  9.36480E+01  6.54462E+01 -1.65037E+03 -5.90251E+01  5.75661E+01  2.01378E+02 -3.77289E+02 -3.70524E+02  4.24445E+02
 THETA2       -3.30639E+02  3.22717E+03 -1.64272E+03  2.96408E+02  5.25967E+02  6.06033E+01  9.23789E+01  4.09791E+03  5.08968E+01  2.71418E+02 -1.84334E+03 -1.96852E+02  3.18310E+03 -1.63972E+03
 THETA3       -3.74607E+02 -1.64272E+03  2.77531E+03 -3.49106E+02 -4.24062E+02 -3.36871E+02 -2.25279E+02 -6.85626E+03  5.82367E+01 -5.16780E+02  1.39894E+03  4.02458E+02 -2.59551E+03  1.52822E+03
 THETA4        1.79716E+02  2.96408E+02 -3.49106E+02  3.08458E+03 -1.89724E+02 -3.49943E+01 -2.63106E+01 -2.80714E+03 -1.24422E+02  1.18711E+02  3.43847E+02  2.64667E+02  3.94475E+01 -5.08513E+02
 THETA5        3.47231E+02  5.25967E+02 -4.24062E+02 -1.89724E+02  1.41272E+03  1.52474E+02  1.13941E+02 -2.20790E+03  6.89995E+01 -4.63932E+02 -5.13545E+02 -3.77173E+01 -1.50596E+02  3.65520E+02
 THETA6        9.36480E+01  6.06033E+01 -3.36871E+02 -3.49943E+01  1.52474E+02  6.64013E+02  8.31413E+01 -1.33722E+03  1.49797E+01 -2.62941E+02  1.50287E+02  3.20216E+02  1.92568E+02 -2.52121E+02
 THETA7        6.54462E+01  9.23789E+01 -2.25279E+02 -2.63106E+01  1.13941E+02  8.31413E+01  2.30264E+02 -1.19513E+03  1.97384E+01 -1.01861E+02 -4.04537E+02  3.22750E+01  1.11759E+03 -5.72505E+02
 SIGMA(1,1)   -1.65037E+03  4.09791E+03 -6.85626E+03 -2.80714E+03 -2.20790E+03 -1.33722E+03 -1.19513E+03  7.75366E+05  6.69800E+03 -1.31548E+03  1.85188E+04 -1.39917E+04 -5.80185E+03 -8.44845E+02
 OMEGA(1,1)   -5.90251E+01  5.08968E+01  5.82367E+01 -1.24422E+02  6.89995E+01  1.49797E+01  1.97384E+01  6.69800E+03  1.24344E+03 -1.46661E+03  2.03371E+02 -2.01040E+03  2.32281E+03  2.31506E+02
 OMEGA(2,1)    5.75661E+01  2.71418E+02 -5.16780E+02  1.18711E+02 -4.63932E+02 -2.62941E+02 -1.01861E+02 -1.31548E+03 -1.46661E+03  1.16842E+04 -5.62312E+03 -1.51569E+03 -1.12022E+04  3.25053E+03
 OMEGA(2,2)    2.01378E+02 -1.84334E+03  1.39894E+03  3.43847E+02 -5.13545E+02  1.50287E+02 -4.04537E+02  1.85188E+04  2.03371E+02 -5.62312E+03  3.88257E+04  8.80927E+02 -3.61340E+04  1.15852E+04
 OMEGA(3,1)   -3.77289E+02 -1.96852E+02  4.02458E+02  2.64667E+02 -3.77173E+01  3.20216E+02  3.22750E+01 -1.39917E+04 -2.01040E+03 -1.51569E+03  8.80927E+02  9.15124E+03 -4.19177E+03 -3.34575E+03
 OMEGA(3,2)   -3.70524E+02  3.18310E+03 -2.59551E+03  3.94475E+01 -1.50596E+02  1.92568E+02  1.11759E+03 -5.80185E+03  2.32281E+03 -1.12022E+04 -3.61340E+04 -4.19177E+03  9.01723E+04 -2.95284E+04
 OMEGA(3,3)    4.24445E+02 -1.63972E+03  1.52822E+03 -5.08513E+02  3.65520E+02 -2.52121E+02 -5.72505E+02 -8.44845E+02  2.31506E+02  3.25053E+03  1.15852E+04 -3.34575E+03 -2.95284E+04  1.75550E+04
