TABLE NO.     1: First Order Conditional Estimation with Interaction: Problem=1 Subproblem=0 Superproblem1=0 Iteration1=0 Superproblem2=0 Iteration2=0
 NAME         THETA1       THETA2       THETA3       THETA4       THETA5       THETA6       THETA7       SIGMA(1,1)   OMEGA(1,1)   OMEGA(2,1)   OMEGA(2,2)   OMEGA(3,1)   OMEGA(3,2)   OMEGA(3,3)
 THETA1        5.95295E+02 -3.30317E+02 -3.74838E+02  1.79607E+02  3.47059E+02  9.36720E+01  6.54561E+01 -1.64958E+03 -5.91893E+01  5.86110E+01  2.00929E+02 -3.77159E+02 -3.71655E+02  4.24606E+02
 THETA2       -3.30317E+02  3.22732E+03 -1.64283E+03  2.96938E+02  5.26304E+02  6.07746E+01  9.24305E+01  4.09572E+03  5.08882E+01  2.70499E+02 -1.84392E+03 -1.96366E+02  3.18540E+03 -1.64091E+03
 THETA3       -3.74838E+02 -1.64283E+03  2.77556E+03 -3.49381E+02 -4.23952E+02 -3.37015E+02 -2.25289E+02 -6.85503E+03  5.83850E+01 -5.16918E+02  1.39923E+03  4.02025E+02 -2.59639E+03  1.52914E+03
 THETA4        1.79607E+02  2.96938E+02 -3.49381E+02  3.08412E+03 -1.90256E+02 -3.50204E+01 -2.63142E+01 -2.79947E+03 -1.24148E+02  1.19329E+02  3.43092E+02  2.63619E+02  4.06669E+01 -5.08426E+02
 THETA5        3.47059E+02  5.26304E+02 -4.23952E+02 -1.90256E+02  1.41294E+03  1.52578E+02  1.13975E+02 -2.20541E+03  6.89216E+01 -4.63638E+02 -5.13792E+02 -3.72163E+01 -1.51414E+02  3.65573E+02
 THETA6        9.36720E+01  6.07746E+01 -3.37015E+02 -3.50204E+01  1.52578E+02  6.64261E+02  8.31904E+01 -1.33830E+03  1.49709E+01 -2.62914E+02  1.50387E+02  3.20167E+02  1.92320E+02 -2.51782E+02
 THETA7        6.54561E+01  9.24305E+01 -2.25289E+02 -2.63142E+01  1.13975E+02  8.31904E+01  2.30290E+02 -1.19597E+03  1.97373E+01 -1.01701E+02 -4.04181E+02  3.22318E+01  1.11644E+03 -5.71815E+02
 SIGMA(1,1)   -1.64958E+03  4.09572E+03 -6.85503E+03 -2.79947E+03 -2.20541E+03 -1.33830E+03 -1.19597E+03  7.75389E+05  6.69366E+03 -1.30010E+03  1.85204E+04 -1.39907E+04 -5.82026E+03 -8.44134E+02
 OMEGA(1,1)   -5.91893E+01  5.08882E+01  5.83850E+01 -1.24148E+02  6.89216E+01  1.49709E+01  1.97373E+01  6.69366E+03  1.24232E+03 -1.46704E+03  2.01911E+02 -2.00602E+03  2.32149E+03  2.29553E+02
 OMEGA(2,1)    5.86110E+01  2.70499E+02 -5.16918E+02  1.19329E+02 -4.63638E+02 -2.62914E+02 -1.01701E+02 -1.30010E+03 -1.46704E+03  1.16768E+04 -5.61117E+03 -1.51176E+03 -1.12020E+04  3.24946E+03
 OMEGA(2,2)    2.00929E+02 -1.84392E+03  1.39923E+03  3.43092E+02 -5.13792E+02  1.50387E+02 -4.04181E+02  1.85204E+04  2.01911E+02 -5.61117E+03  3.88144E+04  8.76063E+02 -3.61316E+04  1.15881E+04
 OMEGA(3,1)   -3.77159E+02 -1.96366E+02  4.02025E+02  2.63619E+02 -3.72163E+01  3.20167E+02  3.22318E+01 -1.39907E+04 -2.00602E+03 -1.51176E+03  8.76063E+02  9.13344E+03 -4.18063E+03 -3.33979E+03
 OMEGA(3,2)   -3.71655E+02  3.18540E+03 -2.59639E+03  4.06669E+01 -1.51414E+02  1.92320E+02  1.11644E+03 -5.82026E+03  2.32149E+03 -1.12020E+04 -3.61316E+04 -4.18063E+03  9.01583E+04 -2.95338E+04
 OMEGA(3,3)    4.24606E+02 -1.64091E+03  1.52914E+03 -5.08426E+02  3.65573E+02 -2.51782E+02 -5.71815E+02 -8.44134E+02  2.29553E+02  3.24946E+03  1.15881E+04 -3.33979E+03 -2.95338E+04  1.75544E+04
