TABLE NO.     1: First Order Conditional Estimation with Interaction: Problem=1 Subproblem=0 Superproblem1=0 Iteration1=0 Superproblem2=0 Iteration2=0
 NAME         THETA1       THETA2       THETA3       THETA4       THETA5       SIGMA(1,1)   OMEGA(1,1)   OMEGA(2,1)   OMEGA(2,2)   OMEGA(3,1)   OMEGA(3,2)   OMEGA(3,3)
 THETA1        2.02284E+03 -6.46541E+02 -1.46516E+02  2.33549E+02 -1.11437E+03 -2.38036E-03  2.19272E+03 -1.28489E+03 -1.44954E+02  1.65838E+02  9.03689E+01  1.46307E+02
 THETA2       -6.46541E+02  3.56901E+02  3.06874E+01 -5.34141E+01  2.24935E+02  6.13208E-04 -7.66849E+02  3.58946E+02  1.01566E+02  8.83661E+01 -4.24944E+00 -8.73971E+01
 THETA3       -1.46516E+02  3.06874E+01  8.84646E+02  1.54750E+02  9.13272E+01  1.25544E-03  3.11310E+02 -1.34350E+02  3.72844E+01  4.88376E+02 -2.57034E+02  2.83764E+02
 THETA4        2.33549E+02 -5.34141E+01  1.54750E+02  7.50891E+02 -8.69416E+01  1.62370E-03  1.94671E+03 -9.66932E+02  3.02636E+01 -6.29374E+02  1.79781E+02 -1.52068E+01
 THETA5       -1.11437E+03  2.24935E+02  9.13272E+01 -8.69416E+01  1.02769E+03  1.83005E-03 -1.28307E+03  1.10430E+03  8.34159E+01  1.97048E+02 -2.30046E+02 -1.22055E+02
 SIGMA(1,1)   -2.38036E-03  6.13208E-04  1.25544E-03  1.62370E-03  1.83005E-03  5.21850E-08  1.71143E-03 -3.12452E-04  6.79069E-04  1.11220E-03 -9.67276E-04  5.98119E-04
 OMEGA(1,1)    2.19272E+03 -7.66849E+02  3.11310E+02  1.94671E+03 -1.28307E+03  1.71143E-03  1.63840E+04 -8.73102E+03  3.19618E+02 -4.45785E+03  1.47588E+03  8.61633E+02
 OMEGA(2,1)   -1.28489E+03  3.58946E+02 -1.34350E+02 -9.66932E+02  1.10430E+03 -3.12452E-04 -8.73102E+03  7.50797E+03 -1.06431E+03  2.82159E+03 -1.36236E+03 -6.20769E+02
 OMEGA(2,2)   -1.44954E+02  1.01566E+02  3.72844E+01  3.02636E+01  8.34159E+01  6.79069E-04  3.19618E+02 -1.06431E+03  6.31875E+02 -3.22146E+02  2.45141E+02  6.65991E+01
 OMEGA(3,1)    1.65838E+02  8.83661E+01  4.88376E+02 -6.29374E+02  1.97048E+02  1.11220E-03 -4.45785E+03  2.82159E+03 -3.22146E+02  1.43547E+04 -5.46351E+03 -1.63161E+03
 OMEGA(3,2)    9.03689E+01 -4.24944E+00 -2.57034E+02  1.79781E+02 -2.30046E+02 -9.67276E-04  1.47588E+03 -1.36236E+03  2.45141E+02 -5.46351E+03  2.85613E+03  4.77040E+02
 OMEGA(3,3)    1.46307E+02 -8.73971E+01  2.83764E+02 -1.52068E+01 -1.22055E+02  5.98119E-04  8.61633E+02 -6.20769E+02  6.65991E+01 -1.63161E+03  4.77040E+02  2.41158E+03
