TABLE NO.     1: First Order Conditional Estimation with Interaction: Problem=1 Subproblem=0 Superproblem1=0 Iteration1=0 Superproblem2=0 Iteration2=0
 NAME         THETA1       THETA2       THETA3       THETA4       THETA5       SIGMA(1,1)   OMEGA(1,1)   OMEGA(2,1)   OMEGA(2,2)   OMEGA(3,1)   OMEGA(3,2)   OMEGA(3,3)
 THETA1        2.02273E+03 -6.46476E+02 -1.46571E+02  2.33434E+02 -1.11425E+03 -2.38077E-03  2.19223E+03 -1.28482E+03 -1.44703E+02  1.65607E+02  9.04157E+01  1.46230E+02
 THETA2       -6.46476E+02  3.56853E+02  3.07013E+01 -5.33877E+01  2.24896E+02  6.13252E-04 -7.66685E+02  3.58937E+02  1.01492E+02  8.83566E+01 -4.24326E+00 -8.73875E+01
 THETA3       -1.46571E+02  3.07013E+01  8.84647E+02  1.54745E+02  9.13626E+01  1.25542E-03  3.11268E+02 -1.34330E+02  3.73090E+01  4.88430E+02 -2.57021E+02  2.83623E+02
 THETA4        2.33434E+02 -5.33877E+01  1.54745E+02  7.50812E+02 -8.68029E+01  1.62384E-03  1.94655E+03 -9.66906E+02  3.04110E+01 -6.29681E+02  1.79883E+02 -1.52312E+01
 THETA5       -1.11425E+03  2.24896E+02  9.13626E+01 -8.68029E+01  1.02754E+03  1.83041E-03 -1.28268E+03  1.10422E+03  8.31176E+01  1.97284E+02 -2.30064E+02 -1.21963E+02
 SIGMA(1,1)   -2.38077E-03  6.13252E-04  1.25542E-03  1.62384E-03  1.83041E-03  5.21890E-08  1.71161E-03 -3.11938E-04  6.78770E-04  1.11079E-03 -9.66718E-04  5.98171E-04
 OMEGA(1,1)    2.19223E+03 -7.66685E+02  3.11268E+02  1.94655E+03 -1.28268E+03  1.71161E-03  1.63863E+04 -8.73422E+03  3.21051E+02 -4.46154E+03  1.47697E+03  8.61767E+02
 OMEGA(2,1)   -1.28482E+03  3.58937E+02 -1.34330E+02 -9.66906E+02  1.10422E+03 -3.11938E-04 -8.73422E+03  7.51089E+03 -1.06508E+03  2.82374E+03 -1.36296E+03 -6.20709E+02
 OMEGA(2,2)   -1.44703E+02  1.01492E+02  3.73090E+01  3.04110E+01  8.31176E+01  6.78770E-04  3.21051E+02 -1.06508E+03  6.31551E+02 -3.22077E+02  2.45084E+02  6.65820E+01
 OMEGA(3,1)    1.65607E+02  8.83566E+01  4.88430E+02 -6.29681E+02  1.97284E+02  1.11079E-03 -4.46154E+03  2.82374E+03 -3.22077E+02  1.43613E+04 -5.46469E+03 -1.63272E+03
 OMEGA(3,2)    9.04157E+01 -4.24326E+00 -2.57021E+02  1.79883E+02 -2.30064E+02 -9.66718E-04  1.47697E+03 -1.36296E+03  2.45084E+02 -5.46469E+03  2.85560E+03  4.76876E+02
 OMEGA(3,3)    1.46230E+02 -8.73875E+01  2.83623E+02 -1.52312E+01 -1.21963E+02  5.98171E-04  8.61767E+02 -6.20709E+02  6.65820E+01 -1.63272E+03  4.76876E+02  2.41166E+03
