TABLE NO.     1: First Order Conditional Estimation with Interaction: Problem=1 Subproblem=0 Superproblem1=0 Iteration1=0 Superproblem2=0 Iteration2=0
 NAME         THETA1       THETA2       THETA3       THETA4       THETA5       SIGMA(1,1)   OMEGA(1,1)   OMEGA(2,1)   OMEGA(2,2)   OMEGA(3,1)   OMEGA(3,2)   OMEGA(3,3)
 THETA1        5.29768E-03  7.06801E-03  5.09258E-04 -1.09958E-03  4.54893E-03  5.72648E+01 -4.74076E-04 -1.01049E-03 -2.01127E-03 -4.86863E-04 -6.26021E-04 -1.56854E-04
 THETA2        7.06801E-03  1.31349E-02  5.57964E-04 -1.57283E-03  5.57322E-03  5.72116E+01 -5.09626E-04 -1.43114E-03 -3.34650E-03 -6.69376E-04 -9.80440E-04 -1.13339E-04
 THETA3        5.09258E-04  5.57964E-04  1.39273E-03 -4.19659E-04  3.15791E-04 -6.04738E+00 -5.34126E-05 -8.70710E-05 -2.16520E-04 -1.18985E-04 -2.42489E-05 -2.32676E-04
 THETA4       -1.09958E-03 -1.57283E-03 -4.19659E-04  2.44532E-03 -8.96633E-04 -6.96957E+01 -1.52766E-04  2.03084E-04  5.16860E-04  1.84201E-04  1.91073E-04  2.25857E-04
 THETA5        4.54893E-03  5.57322E-03  3.15791E-04 -8.96633E-04  5.53891E-03  1.29302E+01 -5.33206E-04 -1.35029E-03 -2.60678E-03 -2.89734E-04 -2.88871E-04 -6.36768E-05
 SIGMA(1,1)    5.72648E+01  5.72116E+01 -6.04738E+00 -6.96957E+01  1.29302E+01  2.39402E+07 -7.02630E+00 -1.57850E+01 -4.47317E+01 -8.48610E+00 -3.04554E+00 -1.18691E+01
 OMEGA(1,1)   -4.74076E-04 -5.09626E-04 -5.34126E-05 -1.52766E-04 -5.33206E-04 -7.02630E+00  3.28162E-04  4.71015E-04  6.78285E-04  9.35511E-05  1.47983E-04  9.65644E-06
 OMEGA(2,1)   -1.01049E-03 -1.43114E-03 -8.70710E-05  2.03084E-04 -1.35029E-03 -1.57850E+01  4.71015E-04  1.03316E-03  1.65780E-03  1.31685E-04  2.46044E-04  4.88440E-05
 OMEGA(2,2)   -2.01127E-03 -3.34650E-03 -2.16520E-04  5.16860E-04 -2.60678E-03 -4.47317E+01  6.78285E-04  1.65780E-03  4.51978E-03  1.40913E-04  9.60109E-05  4.45455E-05
 OMEGA(3,1)   -4.86863E-04 -6.69376E-04 -1.18985E-04  1.84201E-04 -2.89734E-04 -8.48610E+00  9.35511E-05  1.31685E-04  1.40913E-04  3.54732E-04  6.26852E-04  1.20492E-04
 OMEGA(3,2)   -6.26021E-04 -9.80440E-04 -2.42489E-05  1.91073E-04 -2.88871E-04 -3.04554E+00  1.47983E-04  2.46044E-04  9.60109E-05  6.26852E-04  1.54196E-03  1.19579E-04
 OMEGA(3,3)   -1.56854E-04 -1.13339E-04 -2.32676E-04  2.25857E-04 -6.36768E-05 -1.18691E+01  9.65644E-06  4.88440E-05  4.45455E-05  1.20492E-04  1.19579E-04  5.14384E-04
