TABLE NO.     1: First Order Conditional Estimation with Interaction: Problem=1 Subproblem=0 Superproblem1=0 Iteration1=0 Superproblem2=0 Iteration2=0
 NAME         THETA1       THETA2       THETA3       THETA4       THETA5       SIGMA(1,1)   OMEGA(1,1)   OMEGA(2,1)   OMEGA(2,2)   OMEGA(3,1)   OMEGA(3,2)   OMEGA(3,3)
 THETA1        7.27851E-02  8.47308E-01  1.87483E-01 -3.05503E-01  8.39760E-01  1.60798E-01 -3.59552E-01 -4.31922E-01 -4.11025E-01 -3.55152E-01 -2.19033E-01 -9.50187E-02
 THETA2        8.47308E-01  1.14608E-01  1.30454E-01 -2.77524E-01  6.53403E-01  1.02025E-01 -2.45468E-01 -3.88494E-01 -4.34330E-01 -3.10103E-01 -2.17857E-01 -4.36038E-02
 THETA3        1.87483E-01  1.30454E-01  3.73193E-02 -2.27402E-01  1.13698E-01 -3.31184E-02 -7.90071E-02 -7.25866E-02 -8.62988E-02 -1.69280E-01 -1.65471E-02 -2.74899E-01
 THETA4       -3.05503E-01 -2.77524E-01 -2.27402E-01  4.94501E-02 -2.43633E-01 -2.88055E-01 -1.70535E-01  1.27769E-01  1.55470E-01  1.97776E-01  9.83999E-02  2.01383E-01
 THETA5        8.39760E-01  6.53403E-01  1.13698E-01 -2.43633E-01  7.44238E-02  3.55082E-02 -3.95493E-01 -5.64460E-01 -5.20994E-01 -2.06699E-01 -9.88453E-02 -3.77247E-02
 SIGMA(1,1)    1.60798E-01  1.02025E-01 -3.31184E-02 -2.88055E-01  3.55082E-02  4.89287E+03 -7.92719E-02 -1.00369E-01 -1.35986E-01 -9.20861E-02 -1.58513E-02 -1.06957E-01
 OMEGA(1,1)   -3.59552E-01 -2.45468E-01 -7.90071E-02 -1.70535E-01 -3.95493E-01 -7.92719E-02  1.81152E-02  8.08925E-01  5.56942E-01  2.74192E-01  2.08032E-01  2.35033E-02
 OMEGA(2,1)   -4.31922E-01 -3.88494E-01 -7.25866E-02  1.27769E-01 -5.64460E-01 -1.00369E-01  8.08925E-01  3.21427E-02  7.67167E-01  2.17522E-01  1.94936E-01  6.70016E-02
 OMEGA(2,2)   -4.11025E-01 -4.34330E-01 -8.62988E-02  1.55470E-01 -5.20994E-01 -1.35986E-01  5.56942E-01  7.67167E-01  6.72293E-02  1.11286E-01  3.63685E-02  2.92147E-02
 OMEGA(3,1)   -3.55152E-01 -3.10103E-01 -1.69280E-01  1.97776E-01 -2.06699E-01 -9.20861E-02  2.74192E-01  2.17522E-01  1.11286E-01  1.88343E-02  8.47576E-01  2.82074E-01
 OMEGA(3,2)   -2.19033E-01 -2.17857E-01 -1.65471E-02  9.83999E-02 -9.88453E-02 -1.58513E-02  2.08032E-01  1.94936E-01  3.63685E-02  8.47576E-01  3.92678E-02  1.34269E-01
 OMEGA(3,3)   -9.50187E-02 -4.36038E-02 -2.74899E-01  2.01383E-01 -3.77247E-02 -1.06957E-01  2.35033E-02  6.70016E-02  2.92147E-02  2.82074E-01  1.34269E-01  2.26800E-02
