TABLE NO.     1: First Order Conditional Estimation with Interaction: Problem=1 Subproblem=0 Superproblem1=0 Iteration1=0 Superproblem2=0 Iteration2=0
 NAME         THETA1       THETA2       THETA3       THETA4       THETA5       SIGMA(1,1)   OMEGA(1,1)   OMEGA(2,1)   OMEGA(2,2)   OMEGA(3,1)   OMEGA(3,2)   OMEGA(3,3)
 THETA1        2.02273E+03 -6.46473E+02 -1.46548E+02  2.33457E+02 -1.11428E+03 -2.38044E-03  2.19308E+03 -1.28522E+03 -1.44730E+02  1.65556E+02  9.04412E+01  1.46294E+02
 THETA2       -6.46473E+02  3.56872E+02  3.06885E+01 -5.33934E+01  2.24898E+02  6.13139E-04 -7.66951E+02  3.59153E+02  1.01471E+02  8.84299E+01 -4.30005E+00 -8.73932E+01
 THETA3       -1.46548E+02  3.06885E+01  8.84657E+02  1.54740E+02  9.13414E+01  1.25540E-03  3.11260E+02 -1.34334E+02  3.72879E+01  4.88822E+02 -2.57122E+02  2.83524E+02
 THETA4        2.33457E+02 -5.33934E+01  1.54740E+02  7.50845E+02 -8.68305E+01  1.62376E-03  1.94660E+03 -9.66918E+02  3.03763E+01 -6.29494E+02  1.79834E+02 -1.52543E+01
 THETA5       -1.11428E+03  2.24898E+02  9.13414E+01 -8.68305E+01  1.02762E+03  1.83033E-03 -1.28314E+03  1.10438E+03  8.31955E+01  1.97183E+02 -2.30018E+02 -1.22043E+02
 SIGMA(1,1)   -2.38044E-03  6.13139E-04  1.25540E-03  1.62376E-03  1.83033E-03  5.21880E-08  1.71008E-03 -3.11204E-04  6.78765E-04  1.11291E-03 -9.67594E-04  5.97819E-04
 OMEGA(1,1)    2.19308E+03 -7.66951E+02  3.11260E+02  1.94660E+03 -1.28314E+03  1.71008E-03  1.63853E+04 -8.73340E+03  3.20740E+02 -4.45863E+03  1.47621E+03  8.61606E+02
 OMEGA(2,1)   -1.28522E+03  3.59153E+02 -1.34334E+02 -9.66918E+02  1.10438E+03 -3.11204E-04 -8.73340E+03  7.51023E+03 -1.06494E+03  2.82237E+03 -1.36259E+03 -6.20781E+02
 OMEGA(2,2)   -1.44730E+02  1.01471E+02  3.72879E+01  3.03763E+01  8.31955E+01  6.78765E-04  3.20740E+02 -1.06494E+03  6.31647E+02 -3.22332E+02  2.45197E+02  6.66199E+01
 OMEGA(3,1)    1.65556E+02  8.84299E+01  4.88822E+02 -6.29494E+02  1.97183E+02  1.11291E-03 -4.45863E+03  2.82237E+03 -3.22332E+02  1.43600E+04 -5.46533E+03 -1.63205E+03
 OMEGA(3,2)    9.04412E+01 -4.30005E+00 -2.57122E+02  1.79834E+02 -2.30018E+02 -9.67594E-04  1.47621E+03 -1.36259E+03  2.45197E+02 -5.46533E+03  2.85648E+03  4.77179E+02
 OMEGA(3,3)    1.46294E+02 -8.73932E+01  2.83524E+02 -1.52543E+01 -1.22043E+02  5.97819E-04  8.61606E+02 -6.20781E+02  6.66199E+01 -1.63205E+03  4.77179E+02  2.41143E+03
