TABLE NO.     1: First Order Conditional Estimation with Interaction: Problem=1 Subproblem=0 Superproblem1=0 Iteration1=0 Superproblem2=0 Iteration2=0
 NAME         THETA1       THETA2       THETA3       THETA4       THETA5       SIGMA(1,1)   OMEGA(1,1)   OMEGA(2,1)   OMEGA(2,2)   OMEGA(3,1)   OMEGA(3,2)   OMEGA(3,3)
 THETA1        7.27933E-02  8.47345E-01  1.87431E-01 -3.05553E-01  8.39773E-01  1.60840E-01 -3.59519E-01 -4.31918E-01 -4.11145E-01 -3.55216E-01 -2.19029E-01 -9.50351E-02
 THETA2        8.47345E-01  1.14615E-01  1.30415E-01 -2.77563E-01  6.53425E-01  1.02048E-01 -2.45407E-01 -3.88406E-01 -4.34356E-01 -3.10194E-01 -2.17894E-01 -4.36178E-02
 THETA3        1.87431E-01  1.30415E-01  3.73200E-02 -2.27407E-01  1.13662E-01 -3.31222E-02 -7.89689E-02 -7.25635E-02 -8.62982E-02 -1.69215E-01 -1.64699E-02 -2.75016E-01
 THETA4       -3.05553E-01 -2.77563E-01 -2.27407E-01  4.94499E-02 -2.43632E-01 -2.88064E-01 -1.70496E-01  1.27848E-01  1.55543E-01  1.97821E-01  9.84375E-02  2.01385E-01
 THETA5        8.39773E-01  6.53425E-01  1.13662E-01 -2.43632E-01  7.44312E-02  3.55513E-02 -3.95530E-01 -5.64519E-01 -5.21151E-01 -2.06730E-01 -9.88147E-02 -3.77286E-02
 SIGMA(1,1)    1.60840E-01  1.02048E-01 -3.31222E-02 -2.88064E-01  3.55513E-02  4.89302E+03 -7.92764E-02 -1.00336E-01 -1.35979E-01 -9.21564E-02 -1.58974E-02 -1.06964E-01
 OMEGA(1,1)   -3.59519E-01 -2.45407E-01 -7.89689E-02 -1.70496E-01 -3.95530E-01 -7.92764E-02  1.81135E-02  8.08893E-01  5.56970E-01  2.74197E-01  2.08000E-01  2.35103E-02
 OMEGA(2,1)   -4.31918E-01 -3.88406E-01 -7.25635E-02  1.27848E-01 -5.64519E-01 -1.00336E-01  8.08893E-01  3.21394E-02  7.67107E-01  2.17533E-01  1.94941E-01  6.70201E-02
 OMEGA(2,2)   -4.11145E-01 -4.34356E-01 -8.62982E-02  1.55543E-01 -5.21151E-01 -1.35979E-01  5.56970E-01  7.67107E-01  6.72098E-02  1.11376E-01  3.64052E-02  2.92282E-02
 OMEGA(3,1)   -3.55216E-01 -3.10194E-01 -1.69215E-01  1.97821E-01 -2.06730E-01 -9.21564E-02  2.74197E-01  2.17533E-01  1.11376E-01  1.88340E-02  8.47505E-01  2.82059E-01
 OMEGA(3,2)   -2.19029E-01 -2.17894E-01 -1.64699E-02  9.84375E-02 -9.88147E-02 -1.58974E-02  2.08000E-01  1.94941E-01  3.64052E-02  8.47505E-01  3.92614E-02  1.34233E-01
 OMEGA(3,3)   -9.50351E-02 -4.36178E-02 -2.75016E-01  2.01385E-01 -3.77286E-02 -1.06964E-01  2.35103E-02  6.70201E-02  2.92282E-02  2.82059E-01  1.34233E-01  2.26798E-02
