TABLE NO.     1: First Order Conditional Estimation with Interaction: Problem=1 Subproblem=0 Superproblem1=0 Iteration1=0 Superproblem2=0 Iteration2=0
 NAME         THETA1       THETA2       THETA3       THETA4       THETA5       SIGMA(1,1)   OMEGA(1,1)   OMEGA(2,1)   OMEGA(2,2)   OMEGA(3,1)   OMEGA(3,2)   OMEGA(3,3)
 THETA1        5.29815E-03  7.06894E-03  5.09148E-04 -1.09982E-03  4.54925E-03  5.72703E+01 -4.73941E-04 -1.01031E-03 -2.01111E-03 -4.86881E-04 -6.26229E-04 -1.57018E-04
 THETA2        7.06894E-03  1.31368E-02  5.57766E-04 -1.57296E-03  5.57360E-03  5.72122E+01 -5.09477E-04 -1.43085E-03 -3.34654E-03 -6.69401E-04 -9.80866E-04 -1.13517E-04
 THETA3        5.09148E-04  5.57766E-04  1.39273E-03 -4.19671E-04  3.15704E-04 -6.04856E+00 -5.33841E-05 -8.70238E-05 -2.16445E-04 -1.18933E-04 -2.41993E-05 -2.32717E-04
 THETA4       -1.09982E-03 -1.57296E-03 -4.19671E-04  2.44537E-03 -8.96694E-04 -6.96958E+01 -1.52777E-04  2.02976E-04  5.16655E-04  1.84201E-04  1.91165E-04  2.25904E-04
 THETA5        4.54925E-03  5.57360E-03  3.15704E-04 -8.96694E-04  5.53918E-03  1.29290E+01 -5.33127E-04 -1.35012E-03 -2.60652E-03 -2.89696E-04 -2.88899E-04 -6.37771E-05
 SIGMA(1,1)    5.72703E+01  5.72122E+01 -6.04856E+00 -6.96958E+01  1.29290E+01  2.39399E+07 -7.02613E+00 -1.57818E+01 -4.47252E+01 -8.48583E+00 -3.05302E+00 -1.18701E+01
 OMEGA(1,1)   -4.73941E-04 -5.09477E-04 -5.33841E-05 -1.52777E-04 -5.33127E-04 -7.02613E+00  3.28143E-04  4.70998E-04  6.78260E-04  9.35580E-05  1.48031E-04  9.68173E-06
 OMEGA(2,1)   -1.01031E-03 -1.43085E-03 -8.70238E-05  2.02976E-04 -1.35012E-03 -1.57818E+01  4.70998E-04  1.03310E-03  1.65779E-03  1.31665E-04  2.46135E-04  4.88584E-05
 OMEGA(2,2)   -2.01111E-03 -3.34654E-03 -2.16445E-04  5.16655E-04 -2.60652E-03 -4.47252E+01  6.78260E-04  1.65779E-03  4.52027E-03  1.40783E-04  9.60068E-05  4.45176E-05
 OMEGA(3,1)   -4.86881E-04 -6.69401E-04 -1.18933E-04  1.84201E-04 -2.89696E-04 -8.48583E+00  9.35580E-05  1.31665E-04  1.40783E-04  3.54769E-04  6.27038E-04  1.20633E-04
 OMEGA(3,2)   -6.26229E-04 -9.80866E-04 -2.41993E-05  1.91165E-04 -2.88899E-04 -3.05302E+00  1.48031E-04  2.46135E-04  9.60068E-05  6.27038E-04  1.54263E-03  1.19908E-04
 OMEGA(3,3)   -1.57018E-04 -1.13517E-04 -2.32717E-04  2.25904E-04 -6.37771E-05 -1.18701E+01  9.68173E-06  4.88584E-05  4.45176E-05  1.20633E-04  1.19908E-04  5.14420E-04
