TABLE NO.     1: First Order Conditional Estimation with Interaction: Problem=1 Subproblem=0 Superproblem1=0 Iteration1=0 Superproblem2=0 Iteration2=0
 NAME         THETA1       THETA2       THETA3       THETA4       THETA5       SIGMA(1,1)   OMEGA(1,1)   OMEGA(2,1)   OMEGA(2,2)   OMEGA(3,1)   OMEGA(3,2)   OMEGA(3,3)
 THETA1        2.02276E+03 -6.46493E+02 -1.46553E+02  2.33483E+02 -1.11431E+03 -2.38064E-03  2.19278E+03 -1.28506E+03 -1.44770E+02  1.65614E+02  9.03990E+01  1.46278E+02
 THETA2       -6.46493E+02  3.56872E+02  3.06939E+01 -5.33990E+01  2.24912E+02  6.13211E-04 -7.66846E+02  3.59058E+02  1.01493E+02  8.83670E+01 -4.23793E+00 -8.74000E+01
 THETA3       -1.46553E+02  3.06939E+01  8.84653E+02  1.54747E+02  9.13475E+01  1.25548E-03  3.11295E+02 -1.34356E+02  3.72984E+01  4.88609E+02 -2.57080E+02  2.83635E+02
 THETA4        2.33483E+02 -5.33990E+01  1.54747E+02  7.50860E+02 -8.68682E+01  1.62374E-03  1.94669E+03 -9.66962E+02  3.03587E+01 -6.29550E+02  1.79828E+02 -1.52604E+01
 THETA5       -1.11431E+03  2.24912E+02  9.13475E+01 -8.68682E+01  1.02764E+03  1.83040E-03 -1.28305E+03  1.10436E+03  8.32135E+01  1.97278E+02 -2.30044E+02 -1.22010E+02
 SIGMA(1,1)   -2.38064E-03  6.13211E-04  1.25548E-03  1.62374E-03  1.83040E-03  5.21874E-08  1.71071E-03 -3.11521E-04  6.78813E-04  1.11326E-03 -9.67999E-04  5.98005E-04
 OMEGA(1,1)    2.19278E+03 -7.66846E+02  3.11295E+02  1.94669E+03 -1.28305E+03  1.71071E-03  1.63863E+04 -8.73371E+03  3.20654E+02 -4.45980E+03  1.47623E+03  8.61584E+02
 OMEGA(2,1)   -1.28506E+03  3.59058E+02 -1.34356E+02 -9.66962E+02  1.10436E+03 -3.11521E-04 -8.73371E+03  7.51037E+03 -1.06493E+03  2.82282E+03 -1.36252E+03 -6.20669E+02
 OMEGA(2,2)   -1.44770E+02  1.01493E+02  3.72984E+01  3.03587E+01  8.32135E+01  6.78813E-04  3.20654E+02 -1.06493E+03  6.31658E+02 -3.22099E+02  2.45120E+02  6.65824E+01
 OMEGA(3,1)    1.65614E+02  8.83670E+01  4.88609E+02 -6.29550E+02  1.97278E+02  1.11326E-03 -4.45980E+03  2.82282E+03 -3.22099E+02  1.43595E+04 -5.46465E+03 -1.63173E+03
 OMEGA(3,2)    9.03990E+01 -4.23793E+00 -2.57080E+02  1.79828E+02 -2.30044E+02 -9.67999E-04  1.47623E+03 -1.36252E+03  2.45120E+02 -5.46465E+03  2.85587E+03  4.76747E+02
 OMEGA(3,3)    1.46278E+02 -8.74000E+01  2.83635E+02 -1.52604E+01 -1.22010E+02  5.98005E-04  8.61584E+02 -6.20669E+02  6.65824E+01 -1.63173E+03  4.76747E+02  2.41168E+03
