TABLE NO.     1: First Order Conditional Estimation with Interaction: Problem=1 Subproblem=0 Superproblem1=0 Iteration1=0 Superproblem2=0 Iteration2=0
 NAME         THETA1       THETA2       THETA3       THETA4       THETA5       SIGMA(1,1)   OMEGA(1,1)   OMEGA(2,1)   OMEGA(2,2)   OMEGA(3,1)   OMEGA(3,2)   OMEGA(3,3)
 THETA1        7.27892E-02  8.47324E-01  1.87450E-01 -3.05509E-01  8.39760E-01  1.60808E-01 -3.59541E-01 -4.31900E-01 -4.10998E-01 -3.55189E-01 -2.19093E-01 -9.50529E-02
 THETA2        8.47324E-01  1.14614E-01  1.30418E-01 -2.77511E-01  6.53404E-01  1.02024E-01 -2.45473E-01 -3.88464E-01 -4.34298E-01 -3.10141E-01 -2.17931E-01 -4.36233E-02
 THETA3        1.87450E-01  1.30418E-01  3.73194E-02 -2.27403E-01  1.13673E-01 -3.31202E-02 -7.89845E-02 -7.25591E-02 -8.62716E-02 -1.69225E-01 -1.65337E-02 -2.74929E-01
 THETA4       -3.05509E-01 -2.77511E-01 -2.27403E-01  4.94494E-02 -2.43607E-01 -2.88057E-01 -1.70523E-01  1.27752E-01  1.55448E-01  1.97754E-01  9.84034E-02  2.01394E-01
 THETA5        8.39760E-01  6.53404E-01  1.13673E-01 -2.43607E-01  7.44255E-02  3.55133E-02 -3.95512E-01 -5.64461E-01 -5.20992E-01 -2.06697E-01 -9.88575E-02 -3.77376E-02
 SIGMA(1,1)    1.60808E-01  1.02024E-01 -3.31202E-02 -2.88057E-01  3.55133E-02  4.89295E+03 -7.92771E-02 -1.00355E-01 -1.35977E-01 -9.20668E-02 -1.58240E-02 -1.06957E-01
 OMEGA(1,1)   -3.59541E-01 -2.45473E-01 -7.89845E-02 -1.70523E-01 -3.95512E-01 -7.92771E-02  1.81149E-02  8.08934E-01  5.56949E-01  2.74211E-01  2.08056E-01  2.35296E-02
 OMEGA(2,1)   -4.31900E-01 -3.88464E-01 -7.25591E-02  1.27752E-01 -5.64461E-01 -1.00355E-01  8.08934E-01  3.21424E-02  7.67165E-01  2.17467E-01  1.94911E-01  6.69984E-02
 OMEGA(2,2)   -4.10998E-01 -4.34298E-01 -8.62716E-02  1.55448E-01 -5.20992E-01 -1.35977E-01  5.56949E-01  7.67165E-01  6.72290E-02  1.11183E-01  3.63127E-02  2.91853E-02
 OMEGA(3,1)   -3.55189E-01 -3.10141E-01 -1.69225E-01  1.97754E-01 -2.06697E-01 -9.20668E-02  2.74211E-01  2.17467E-01  1.11183E-01  1.88361E-02  8.47606E-01  2.82181E-01
 OMEGA(3,2)   -2.19093E-01 -2.17931E-01 -1.65337E-02  9.84034E-02 -9.88575E-02 -1.58240E-02  2.08056E-01  1.94911E-01  3.63127E-02  8.47606E-01  3.92745E-02  1.34451E-01
 OMEGA(3,3)   -9.50529E-02 -4.36233E-02 -2.74929E-01  2.01394E-01 -3.77376E-02 -1.06957E-01  2.35296E-02  6.69984E-02  2.91853E-02  2.82181E-01  1.34451E-01  2.26792E-02
