TABLE NO.     1: First Order Conditional Estimation with Interaction: Problem=1 Subproblem=0 Superproblem1=0 Iteration1=0 Superproblem2=0 Iteration2=0
 NAME         THETA1       THETA2       THETA3       THETA4       THETA5       SIGMA(1,1)   OMEGA(1,1)   OMEGA(2,1)   OMEGA(2,2)   OMEGA(3,1)   OMEGA(3,2)   OMEGA(3,3)
 THETA1        5.16108E+02 -2.29788E+02 -2.71541E+02  2.53473E+02  2.91780E+02 -1.19788E+03 -1.56694E+02 -9.95027E+00  1.65829E+02  1.28096E+01 -1.15531E+02  2.93962E+01
 THETA2       -2.29788E+02  2.15121E+03 -1.17483E+03 -3.51625E+02  2.57885E+02  5.79417E+03 -1.29883E+01  2.99965E+02 -1.37348E+03 -1.01015E+02  2.20735E+03 -1.28819E+03
 THETA3       -2.71541E+02 -1.17483E+03  1.97311E+03 -2.83308E+02 -2.92780E+02 -6.35580E+03  2.28331E+02 -3.78070E+02  1.27518E+03 -1.64604E+02 -2.51272E+03  1.63182E+03
 THETA4        2.53473E+02 -3.51625E+02 -2.83308E+02  1.87005E+03 -3.11882E+02 -2.59882E+01 -1.77380E+02  6.00747E+01  1.38149E+03  4.37445E+02 -1.12144E+03 -1.69772E+02
 THETA5        2.91780E+02  2.57885E+02 -2.92780E+02 -3.11882E+02  1.03898E+03  1.83528E+03  1.10398E+02 -5.36562E+02 -1.87802E+02 -2.39048E+02  5.42924E+02  4.58251E+01
 SIGMA(1,1)   -1.19788E+03  5.79417E+03 -6.35580E+03 -2.59882E+01  1.83528E+03  7.04720E+05  4.09285E+03  5.91152E+03 -6.40673E+03 -5.88680E+03  6.48023E+03 -7.81788E+03
 OMEGA(1,1)   -1.56694E+02 -1.29883E+01  2.28331E+02 -1.77380E+02  1.10398E+02  4.09285E+03  9.89016E+02 -3.41239E+02 -3.64121E+01 -1.53769E+03  4.05800E+02  5.47785E+02
 OMEGA(2,1)   -9.95027E+00  2.99965E+02 -3.78070E+02  6.00747E+01 -5.36562E+02  5.91152E+03 -3.41239E+02  4.97126E+03 -3.09100E+03 -2.18120E+03  2.53853E+02  1.12426E+02
 OMEGA(2,2)    1.65829E+02 -1.37348E+03  1.27518E+03  1.38149E+03 -1.87802E+02 -6.40673E+03 -3.64121E+01 -3.09100E+03  1.52789E+04  2.22166E+03 -1.62328E+04  4.34314E+03
 OMEGA(3,1)    1.28096E+01 -1.01015E+02 -1.64604E+02  4.37445E+02 -2.39048E+02 -5.88680E+03 -1.53769E+03 -2.18120E+03  2.22166E+03  6.60756E+03 -3.16401E+03 -1.83120E+03
 OMEGA(3,2)   -1.15531E+02  2.20735E+03 -2.51272E+03 -1.12144E+03  5.42924E+02  6.48023E+03  4.05800E+02  2.53853E+02 -1.62328E+04 -3.16401E+03  2.90069E+04 -8.94728E+03
 OMEGA(3,3)    2.93962E+01 -1.28819E+03  1.63182E+03 -1.69772E+02  4.58251E+01 -7.81788E+03  5.47785E+02  1.12426E+02  4.34314E+03 -1.83120E+03 -8.94728E+03  6.61372E+03
