TABLE NO.     1: First Order Conditional Estimation with Interaction: Problem=1 Subproblem=0 Superproblem1=0 Iteration1=0 Superproblem2=0 Iteration2=0
 NAME         THETA1       THETA2       THETA3       THETA4       THETA5       SIGMA(1,1)   OMEGA(1,1)   OMEGA(2,1)   OMEGA(2,2)   OMEGA(3,1)   OMEGA(3,2)   OMEGA(3,3)
 THETA1        6.36096E-02  4.70381E-01  3.91158E-01 -2.37400E-01 -4.90721E-01  8.30160E-02  2.83113E-01  6.58775E-02  5.16576E-02  1.84831E-01  9.29663E-02  3.82117E-02
 THETA2        4.70381E-01  3.18363E-02  5.99994E-01  1.40385E-01 -2.36833E-01  1.87898E-02  7.29736E-02  2.49527E-03  2.34610E-02  8.96575E-02  6.82589E-02  1.15708E-01
 THETA3        3.91158E-01  5.99994E-01  3.49623E-02  1.88176E-01  1.66641E-02  1.17629E-01  2.40355E-02  1.18941E-01  6.86675E-02  7.66282E-02  1.19098E-01 -1.10587E-01
 THETA4       -2.37400E-01  1.40385E-01  1.88176E-01  2.76734E-02  2.94241E-01 -1.65273E-02 -6.48118E-02 -7.36176E-02 -2.13469E-01 -4.92047E-02 -4.47739E-02  5.80698E-02
 THETA5       -4.90721E-01 -2.36833E-01  1.66641E-02  2.94241E-01  4.09774E-02 -9.72357E-02 -3.36955E-02  2.59776E-01  8.90490E-02  8.51312E-02  5.61031E-02 -3.65030E-02
 SIGMA(1,1)    8.30160E-02  1.87898E-02  1.17629E-01 -1.65273E-02 -9.72357E-02  1.26121E-03 -1.60569E-01 -9.80536E-02  4.09221E-03 -2.14667E-02  6.17047E-02  1.07807E-01
 OMEGA(1,1)    2.83113E-01  7.29736E-02  2.40355E-02 -6.48118E-02 -3.36955E-02 -1.60569E-01  5.28545E-02  5.56335E-01  2.45300E-01  7.15707E-01  3.10207E-01  1.96082E-01
 OMEGA(2,1)    6.58775E-02  2.49527E-03  1.18941E-01 -7.36176E-02  2.59776E-01 -9.80536E-02  5.56335E-01  2.58339E-02  6.27035E-01  7.10801E-01  6.20363E-01  3.22311E-01
 OMEGA(2,2)    5.16576E-02  2.34610E-02  6.86675E-02 -2.13469E-01  8.90490E-02  4.09221E-03  2.45300E-01  6.27035E-01  1.72398E-02  4.06026E-01  7.76633E-01  2.81850E-01
 OMEGA(3,1)    1.84831E-01  8.96575E-02  7.66282E-02 -4.92047E-02  8.51312E-02 -2.14667E-02  7.15707E-01  7.10801E-01  4.06026E-01  2.67318E-02  6.27771E-01  5.54489E-01
 OMEGA(3,2)    9.29663E-02  6.82589E-02  1.19098E-01 -4.47739E-02  5.61031E-02  6.17047E-02  3.10207E-01  6.20363E-01  7.76633E-01  6.27771E-01  1.59065E-02  6.65931E-01
 OMEGA(3,3)    3.82117E-02  1.15708E-01 -1.10587E-01  5.80698E-02 -3.65030E-02  1.07807E-01  1.96082E-01  3.22311E-01  2.81850E-01  5.54489E-01  6.65931E-01  2.27597E-02
