TABLE NO.     1: First Order Conditional Estimation with Interaction: Problem=1 Subproblem=0 Superproblem1=0 Iteration1=0 Superproblem2=0 Iteration2=0
 NAME         THETA1       THETA2       THETA3       THETA4       THETA5       SIGMA(1,1)   OMEGA(1,1)   OMEGA(2,1)   OMEGA(2,2)   OMEGA(3,1)   OMEGA(3,2)   OMEGA(3,3)
 THETA1        4.04618E-03  9.52566E-04  8.69911E-04 -4.17894E-04 -1.27909E-03  6.65995E-06  9.51841E-04  1.08255E-04  5.66485E-05  3.14286E-04  9.40637E-05  5.53202E-05
 THETA2        9.52566E-04  1.01355E-03  6.67835E-04  1.23682E-04 -3.08964E-04  7.54453E-07  1.22792E-04  2.05216E-06  1.28766E-05  7.63022E-05  3.45665E-05  8.38400E-05
 THETA3        8.69911E-04  6.67835E-04  1.22236E-03  1.82065E-04  2.38740E-05  5.18681E-06  4.44153E-05  1.07429E-04  4.13888E-05  7.16171E-05  6.62336E-05 -8.79977E-05
 THETA4       -4.17894E-04  1.23682E-04  1.82065E-04  7.65818E-04  3.33664E-04 -5.76837E-07 -9.47979E-05 -5.26302E-05 -1.01843E-04 -3.63997E-05 -1.97089E-05  3.65746E-05
 THETA5       -1.27909E-03 -3.08964E-04  2.38740E-05  3.33664E-04  1.67914E-03 -5.02526E-06 -7.29785E-05  2.75000E-04  6.29080E-05  9.32528E-05  3.65684E-05 -3.40438E-05
 SIGMA(1,1)    6.65995E-06  7.54453E-07  5.18681E-06 -5.76837E-07 -5.02526E-06  1.59064E-06 -1.07037E-05 -3.19488E-06  8.89162E-08 -7.23779E-07  1.23782E-06  3.09449E-06
 OMEGA(1,1)    9.51841E-04  1.22792E-04  4.44153E-05 -9.47979E-05 -7.29785E-05 -1.07037E-05  2.79360E-03  7.59642E-04  2.23518E-04  1.01122E-03  2.60801E-04  2.35878E-04
 OMEGA(2,1)    1.08255E-04  2.05216E-06  1.07429E-04 -5.26302E-05  2.75000E-04 -3.19488E-06  7.59642E-04  6.67391E-04  2.79264E-04  4.90870E-04  2.54924E-04  1.89510E-04
 OMEGA(2,2)    5.66485E-05  1.28766E-05  4.13888E-05 -1.01843E-04  6.29080E-05  8.89162E-08  2.23518E-04  2.79264E-04  2.97211E-04  1.87118E-04  2.12972E-04  1.10590E-04
 OMEGA(3,1)    3.14286E-04  7.63022E-05  7.16171E-05 -3.63997E-05  9.32528E-05 -7.23779E-07  1.01122E-03  4.90870E-04  1.87118E-04  7.14590E-04  2.66934E-04  3.37355E-04
 OMEGA(3,2)    9.40637E-05  3.45665E-05  6.62336E-05 -1.97089E-05  3.65684E-05  1.23782E-06  2.60801E-04  2.54924E-04  2.12972E-04  2.66934E-04  2.53017E-04  2.41085E-04
 OMEGA(3,3)    5.53202E-05  8.38400E-05 -8.79977E-05  3.65746E-05 -3.40438E-05  3.09449E-06  2.35878E-04  1.89510E-04  1.10590E-04  3.37355E-04  2.41085E-04  5.18004E-04
