TABLE NO.     1: First Order Conditional Estimation with Interaction: Problem=1 Subproblem=0 Superproblem1=0 Iteration1=0 Superproblem2=0 Iteration2=0
 NAME         THETA1       THETA2       THETA3       THETA4       THETA5       SIGMA(1,1)   SIGMA(2,1)   SIGMA(2,2)   OMEGA(1,1)   OMEGA(2,1)   OMEGA(2,2)   OMEGA(3,1)   OMEGA(3,2)   OMEGA(3,3)
 THETA1        6.30859E-02  6.03230E-01  4.56552E-01 -2.33930E-01 -4.85366E-01  1.06100E-01  0.00000E+00 -1.08090E-01  2.86501E-01  1.46901E-01  2.71390E-02  2.67993E-01  6.12132E-02 -9.49098E-03
 THETA2        6.03230E-01  2.76778E-02  5.43146E-01 -1.80385E-01 -4.53371E-01  7.28499E-02  0.00000E+00 -5.21739E-02  6.94872E-02 -1.42390E-02 -4.00266E-02  1.21761E-01  3.51140E-04  9.26610E-02
 THETA3        4.56552E-01  5.43146E-01  3.28263E-02  1.78432E-03 -1.31238E-01  1.62413E-01  0.00000E+00 -1.17708E-02  1.63791E-02  9.76949E-02  5.73088E-02  3.03487E-02  9.28143E-02 -1.92503E-01
 THETA4       -2.33930E-01 -1.80385E-01  1.78432E-03  1.91263E-02  1.85470E-01  8.08948E-02  0.00000E+00 -1.33683E-01 -5.87337E-02 -3.80879E-02 -3.36519E-02 -8.97578E-02  1.24526E-02  2.42297E-02
 THETA5       -4.85366E-01 -4.53371E-01 -1.31238E-01  1.85470E-01  3.55930E-02 -1.11711E-02  0.00000E+00  8.86009E-02 -4.01802E-02  1.87446E-01  2.28419E-01 -8.34581E-03  1.76885E-01 -4.40800E-02
 SIGMA(1,1)    1.06100E-01  7.28499E-02  1.62413E-01  8.08948E-02 -1.11711E-02  1.25788E-03  0.00000E+00 -2.60512E-01 -1.13942E-01 -2.73961E-02 -7.36484E-02  5.21654E-02  4.84130E-02  1.24229E-01
 SIGMA(2,1)    0.00000E+00  0.00000E+00  0.00000E+00  0.00000E+00  0.00000E+00  0.00000E+00  0.00000E+00  0.00000E+00  0.00000E+00  0.00000E+00  0.00000E+00  0.00000E+00  0.00000E+00  0.00000E+00
 SIGMA(2,2)   -1.08090E-01 -5.21739E-02 -1.17708E-02 -1.33683E-01  8.86009E-02 -2.60512E-01  0.00000E+00  2.87706E+00 -8.40276E-02 -6.79450E-02 -7.03361E-02 -8.50980E-02 -2.83712E-02  4.71672E-03
 OMEGA(1,1)    2.86501E-01  6.94872E-02  1.63791E-02 -5.87337E-02 -4.01802E-02 -1.13942E-01  0.00000E+00 -8.40276E-02  5.29672E-02  6.49566E-01  3.52822E-01  7.45449E-01  3.33397E-01  1.05938E-01
 OMEGA(2,1)    1.46901E-01 -1.42390E-02  9.76949E-02 -3.80879E-02  1.87446E-01 -2.73961E-02  0.00000E+00 -6.79450E-02  6.49566E-01  1.99708E-02  7.33668E-01  6.49181E-01  6.78032E-01  1.91590E-01
 OMEGA(2,2)    2.71390E-02 -4.00266E-02  5.73088E-02 -3.36519E-02  2.28419E-01 -7.36484E-02  0.00000E+00 -7.03361E-02  3.52822E-01  7.33668E-01  9.82676E-03  4.38034E-01  7.11212E-01  1.45655E-01
 OMEGA(3,1)    2.67993E-01  1.21761E-01  3.03487E-02 -8.97578E-02 -8.34581E-03  5.21654E-02  0.00000E+00 -8.50980E-02  7.45449E-01  6.49181E-01  4.38034E-01  2.36165E-02  6.08614E-01  4.35339E-01
 OMEGA(3,2)    6.12132E-02  3.51140E-04  9.28143E-02  1.24526E-02  1.76885E-01  4.84130E-02  0.00000E+00 -2.83712E-02  3.33397E-01  6.78032E-01  7.11212E-01  6.08614E-01  1.05625E-02  5.55047E-01
 OMEGA(3,3)   -9.49098E-03  9.26610E-02 -1.92503E-01  2.42297E-02 -4.40800E-02  1.24229E-01  0.00000E+00  4.71672E-03  1.05938E-01  1.91590E-01  1.45655E-01  4.35339E-01  5.55047E-01  1.97401E-02
