TABLE NO.     1: First Order Conditional Estimation with Interaction: Problem=1 Subproblem=0 Superproblem1=0 Iteration1=0 Superproblem2=0 Iteration2=0
 NAME         THETA1       THETA2       THETA3       THETA4       THETA5       SIGMA(1,1)   SIGMA(2,1)   SIGMA(2,2)   OMEGA(1,1)   OMEGA(2,1)   OMEGA(2,2)   OMEGA(3,1)   OMEGA(3,2)   OMEGA(3,3)
 THETA1        3.97983E-03  1.05328E-03  9.45460E-04 -2.82260E-04 -1.08985E-03  8.41948E-06  0.00000E+00 -1.96184E-02  9.57339E-04  1.85077E-04  1.68243E-05  3.99274E-04  4.07893E-05 -1.18193E-05
 THETA2        1.05328E-03  7.66060E-04  4.93480E-04 -9.54913E-05 -4.46632E-04  2.53628E-06  0.00000E+00 -4.15464E-03  1.01869E-04 -7.87058E-06 -1.08866E-05  7.95892E-05  1.02658E-07  5.06265E-05
 THETA3        9.45460E-04  4.93480E-04  1.07756E-03  1.12028E-06 -1.53336E-04  6.70624E-06  0.00000E+00 -1.11166E-03  2.84786E-05  6.40457E-05  1.84864E-05  2.35276E-05  3.21814E-05 -1.24741E-04
 THETA4       -2.82260E-04 -9.54913E-05  1.12028E-06  3.65817E-04  1.26261E-04  1.94621E-06  0.00000E+00 -7.35625E-03 -5.95014E-05 -1.45484E-05 -6.32487E-06 -4.05434E-05  2.51571E-06  9.14808E-06
 THETA5       -1.08985E-03 -4.46632E-04 -1.53336E-04  1.26261E-04  1.26686E-03 -5.00146E-07  0.00000E+00  9.07301E-03 -7.57504E-05  1.33241E-04  7.98927E-05 -7.01535E-06  6.65005E-05 -3.09711E-05
 SIGMA(1,1)    8.41948E-06  2.53628E-06  6.70624E-06  1.94621E-06 -5.00146E-07  1.58225E-06  0.00000E+00 -9.42786E-04 -7.59150E-06 -6.88213E-07 -9.10355E-07  1.54966E-06  6.43233E-07  3.08467E-06
 SIGMA(2,1)    0.00000E+00  0.00000E+00  0.00000E+00  0.00000E+00  0.00000E+00  0.00000E+00  0.00000E+00  0.00000E+00  0.00000E+00  0.00000E+00  0.00000E+00  0.00000E+00  0.00000E+00  0.00000E+00
 SIGMA(2,2)   -1.96184E-02 -4.15464E-03 -1.11166E-03 -7.35625E-03  9.07301E-03 -9.42786E-04  0.00000E+00  8.27745E+00 -1.28049E-02 -3.90393E-03 -1.98855E-03 -5.78207E-03 -8.62172E-04  2.67878E-04
 OMEGA(1,1)    9.57339E-04  1.01869E-04  2.84786E-05 -5.95014E-05 -7.57504E-05 -7.59150E-06  0.00000E+00 -1.28049E-02  2.80553E-03  6.87112E-04  1.83643E-04  9.32483E-04  1.86525E-04  1.10766E-04
 OMEGA(2,1)    1.85077E-04 -7.87058E-06  6.40457E-05 -1.45484E-05  1.33241E-04 -6.88213E-07  0.00000E+00 -3.90393E-03  6.87112E-04  3.98835E-04  1.43981E-04  3.06181E-04  1.43026E-04  7.55300E-05
 OMEGA(2,2)    1.68243E-05 -1.08866E-05  1.84864E-05 -6.32487E-06  7.98927E-05 -9.10355E-07  0.00000E+00 -1.98855E-03  1.83643E-04  1.43981E-04  9.65652E-05  1.01656E-04  7.38206E-05  2.82542E-05
 OMEGA(3,1)    3.99274E-04  7.95892E-05  2.35276E-05 -4.05434E-05 -7.01535E-06  1.54966E-06  0.00000E+00 -5.78207E-03  9.32483E-04  3.06181E-04  1.01656E-04  5.57739E-04  1.51819E-04  2.02951E-04
 OMEGA(3,2)    4.07893E-05  1.02658E-07  3.21814E-05  2.51571E-06  6.65005E-05  6.43233E-07  0.00000E+00 -8.62172E-04  1.86525E-04  1.43026E-04  7.38206E-05  1.51819E-04  1.11567E-04  1.15730E-04
 OMEGA(3,3)   -1.18193E-05  5.06265E-05 -1.24741E-04  9.14808E-06 -3.09711E-05  3.08467E-06  0.00000E+00  2.67878E-04  1.10766E-04  7.55300E-05  2.82542E-05  2.02951E-04  1.15730E-04  3.89671E-04
