TABLE NO.     1: First Order Conditional Estimation with Interaction: Problem=1 Subproblem=0 Superproblem1=0 Iteration1=0 Superproblem2=0 Iteration2=0
 NAME         THETA1       THETA2       THETA3       THETA4       THETA5       SIGMA(1,1)   SIGMA(2,1)   SIGMA(2,2)   OMEGA(1,1)   OMEGA(2,1)   OMEGA(2,2)   OMEGA(3,1)   OMEGA(3,2)   OMEGA(3,3)
 THETA1        3.97983E-03  1.05328E-03  9.45460E-04 -2.82260E-04 -1.08985E-03  8.41950E-06  0.00000E+00 -1.96186E-02  9.57339E-04  1.85077E-04  1.68243E-05  3.99274E-04  4.07894E-05 -1.18197E-05
 THETA2        1.05328E-03  7.66060E-04  4.93480E-04 -9.54913E-05 -4.46632E-04  2.53628E-06  0.00000E+00 -4.15463E-03  1.01869E-04 -7.87062E-06 -1.08866E-05  7.95893E-05  1.02677E-07  5.06264E-05
 THETA3        9.45460E-04  4.93480E-04  1.07756E-03  1.12047E-06 -1.53336E-04  6.70626E-06  0.00000E+00 -1.11177E-03  2.84786E-05  6.40457E-05  1.84864E-05  2.35276E-05  3.21814E-05 -1.24741E-04
 THETA4       -2.82260E-04 -9.54913E-05  1.12047E-06  3.65817E-04  1.26261E-04  1.94621E-06  0.00000E+00 -7.35624E-03 -5.95015E-05 -1.45485E-05 -6.32486E-06 -4.05431E-05  2.51576E-06  9.14777E-06
 THETA5       -1.08985E-03 -4.46632E-04 -1.53336E-04  1.26261E-04  1.26686E-03 -5.00148E-07  0.00000E+00  9.07299E-03 -7.57502E-05  1.33241E-04  7.98927E-05 -7.01563E-06  6.65004E-05 -3.09708E-05
 SIGMA(1,1)    8.41950E-06  2.53628E-06  6.70626E-06  1.94621E-06 -5.00148E-07  1.58225E-06  0.00000E+00 -9.42790E-04 -7.59151E-06 -6.88217E-07 -9.10354E-07  1.54969E-06  6.43239E-07  3.08464E-06
 SIGMA(2,1)    0.00000E+00  0.00000E+00  0.00000E+00  0.00000E+00  0.00000E+00  0.00000E+00  0.00000E+00  0.00000E+00  0.00000E+00  0.00000E+00  0.00000E+00  0.00000E+00  0.00000E+00  0.00000E+00
 SIGMA(2,2)   -1.96186E-02 -4.15463E-03 -1.11177E-03 -7.35624E-03  9.07299E-03 -9.42790E-04  0.00000E+00  8.27745E+00 -1.28048E-02 -3.90389E-03 -1.98855E-03 -5.78232E-03 -8.62225E-04  2.68104E-04
 OMEGA(1,1)    9.57339E-04  1.01869E-04  2.84786E-05 -5.95015E-05 -7.57502E-05 -7.59151E-06  0.00000E+00 -1.28048E-02  2.80553E-03  6.87112E-04  1.83643E-04  9.32483E-04  1.86525E-04  1.10766E-04
 OMEGA(2,1)    1.85077E-04 -7.87062E-06  6.40457E-05 -1.45485E-05  1.33241E-04 -6.88217E-07  0.00000E+00 -3.90389E-03  6.87112E-04  3.98835E-04  1.43981E-04  3.06181E-04  1.43026E-04  7.55299E-05
 OMEGA(2,2)    1.68243E-05 -1.08866E-05  1.84864E-05 -6.32486E-06  7.98927E-05 -9.10354E-07  0.00000E+00 -1.98855E-03  1.83643E-04  1.43981E-04  9.65652E-05  1.01656E-04  7.38207E-05  2.82542E-05
 OMEGA(3,1)    3.99274E-04  7.95893E-05  2.35276E-05 -4.05431E-05 -7.01563E-06  1.54969E-06  0.00000E+00 -5.78232E-03  9.32483E-04  3.06181E-04  1.01656E-04  5.57740E-04  1.51819E-04  2.02951E-04
 OMEGA(3,2)    4.07894E-05  1.02677E-07  3.21814E-05  2.51576E-06  6.65004E-05  6.43239E-07  0.00000E+00 -8.62225E-04  1.86525E-04  1.43026E-04  7.38207E-05  1.51819E-04  1.11567E-04  1.15730E-04
 OMEGA(3,3)   -1.18197E-05  5.06264E-05 -1.24741E-04  9.14777E-06 -3.09708E-05  3.08464E-06  0.00000E+00  2.68104E-04  1.10766E-04  7.55299E-05  2.82542E-05  2.02951E-04  1.15730E-04  3.89671E-04
