TABLE NO.     1: First Order Conditional Estimation with Interaction: Problem=1 Subproblem=0 Superproblem1=0 Iteration1=0 Superproblem2=0 Iteration2=0
 NAME         THETA1       THETA2       THETA3       THETA4       THETA5       SIGMA(1,1)   SIGMA(2,1)   SIGMA(2,2)   OMEGA(1,1)   OMEGA(2,1)   OMEGA(2,2)   OMEGA(3,1)   OMEGA(3,2)   OMEGA(3,3)
 THETA1        5.51683E+02 -4.00448E+02 -2.16731E+02  2.07438E+02  2.82653E+02 -1.85523E+03  0.00000E+00  4.66858E-01 -1.08463E+02 -7.02378E+01  1.90746E+02 -1.39674E+02 -1.47644E+02  1.78551E+02
 THETA2       -4.00448E+02  2.99930E+03 -1.19966E+03  3.09274E+02  4.35969E+02  4.16307E+03  0.00000E+00  7.03050E-01  6.82723E+01  2.91143E+02 -1.33486E+03 -2.42331E+02  2.31051E+03 -1.33095E+03
 THETA3       -2.16731E+02 -1.19966E+03  1.91918E+03 -3.90175E+02 -1.91842E+02 -6.27004E+03  0.00000E+00 -1.57944E+00  1.25413E+02 -2.98233E+02  1.28569E+03  1.40809E+02 -2.72353E+03  1.47276E+03
 THETA4        2.07438E+02  3.09274E+02 -3.90175E+02  3.15651E+03 -1.47433E+02 -1.97472E+03  0.00000E+00  3.53361E+00 -2.00951E+02  1.83070E+02  4.38672E+02  4.88066E+02 -3.57039E+02 -3.89740E+02
 THETA5        2.82653E+02  4.35969E+02 -1.91842E+02 -1.47433E+02  1.27403E+03 -1.68787E+03  0.00000E+00 -1.12650E+00  8.34911E+01 -4.10491E+02 -3.60443E+02 -1.22044E+02 -2.49903E+02  2.29127E+02
 SIGMA(1,1)   -1.85523E+03  4.16307E+03 -6.27004E+03 -1.97472E+03 -1.68787E+03  7.78126E+05  0.00000E+00  9.05910E+01  6.64008E+03 -5.66959E+03  1.55678E+04 -1.05983E+04  8.01449E+03 -7.69176E+03
 SIGMA(2,1)    0.00000E+00  0.00000E+00  0.00000E+00  0.00000E+00  0.00000E+00  0.00000E+00  0.00000E+00  0.00000E+00  0.00000E+00  0.00000E+00  0.00000E+00  0.00000E+00  0.00000E+00  0.00000E+00
 SIGMA(2,2)    4.66858E-01  7.03050E-01 -1.57944E+00  3.53361E+00 -1.12650E+00  9.05910E+01  0.00000E+00  1.39014E-01  4.57680E-01 -3.69713E-01  6.23409E+00  5.18700E-01 -1.81774E+00 -1.80872E+00
 OMEGA(1,1)   -1.08463E+02  6.82723E+01  1.25413E+02 -2.00951E+02  8.34911E+01  6.64008E+03  0.00000E+00  4.57680E-01  1.26603E+03 -1.56222E+03  5.80971E+02 -1.91600E+03  1.61027E+03  4.06930E+02
 OMEGA(2,1)   -7.02378E+01  2.91143E+02 -2.98233E+02  1.83070E+02 -4.10491E+02 -5.66959E+03  0.00000E+00 -3.69713E-01 -1.56222E+03  1.02132E+04 -7.76462E+03 -3.76203E+02 -5.07619E+03  6.03758E+02
 OMEGA(2,2)    1.90746E+02 -1.33486E+03  1.28569E+03  4.38672E+02 -3.60443E+02  1.55678E+04  0.00000E+00  6.23409E+00  5.80971E+02 -7.76462E+03  3.37988E+04  8.11534E+02 -1.96709E+04  4.73298E+03
 OMEGA(3,1)   -1.39674E+02 -2.42331E+02  1.40809E+02  4.88066E+02 -1.22044E+02 -1.05983E+04  0.00000E+00  5.18700E-01 -1.91600E+03 -3.76203E+02  8.11534E+02  7.13025E+03 -4.74577E+03 -1.61075E+03
 OMEGA(3,2)   -1.47644E+02  2.31051E+03 -2.72353E+03 -3.57039E+02 -2.49903E+02  8.01449E+03  0.00000E+00 -1.81774E+00  1.61027E+03 -5.07619E+03 -1.96709E+04 -4.74577E+03  4.32041E+04 -9.65737E+03
 OMEGA(3,3)    1.78551E+02 -1.33095E+03  1.47276E+03 -3.89740E+02  2.29127E+02 -7.69176E+03  0.00000E+00 -1.80872E+00  4.06930E+02  6.03758E+02  4.73298E+03 -1.61075E+03 -9.65737E+03  6.43678E+03
